1.93
0.98
1.37
1.59
3.6
1.9
1.3
1.31
2.7
3.5
2.47
2.9
1.28
0.89
2.63
0.46
1.09
0.76
2.32
0.89
1.33
1.22
1.53
2.64
2
1.6
1.71
2.1
5.2
2
0.57
3
1.35
2.5
1.67
1.7
1.01
2.7
1.03
1.94
2.18
4.1
1.94
1.26
1.35
2.1
1.31
6.3
1.9
5.1
2.38
2.5
4.2
1.6
1.13
1.22
1.71
0.91
1.5
2.1
1.33
2.54
2
1.7
2.09
1.72
1.92
1.8
2
2.6
1.7
1.36
1.59
3.32
2
1.1
3.3
1.8
1.89
2.59
0.53
0.82
2.6
1.3
0.9
1.87
1.7
1.66
1.37
1.17
0.77
2.23
0.84
0.64
0.4
0.79
1.5
3.53
3.11
3.88
0.8
1.1
3.52
1.87
1.38
1.29
2.16
2.41
0.47
4.6
1.72
0.74
0.42
1.1
1.1
3.1
4.4
0.29
2.7
1
0.31
0.66
4.7
1.72
1.71
1.7
4
1.3
5.3
1.02
1
3.1
2.6
1.4
1.1
2.8
0.5
0.6
2.1
1.98
1.36
1.9
1.6
1.6
1.4
2.5
1.9
1.13
0.9
2.15
1.47
2.06
0.91
0.85
0.69
1.33
0.9
1.5
2.24
2.02
1
2
2
0.58
1.5
2.9
0.94
2.1
3.4
1.8
1.34
1.5
2.4
1.1
2.3
2.4
2.2
2.99
2.56
0.4
2.3
0.06
1.6
2.28
2.2
3
2.1
4.7
1.06
1.02
1.8
1.6
4.9
1.2
0.91
1.4
1.71
1.08
0.48
1.71
1.93
5.7
0.8
1.08
1.51
2
1.3
0.59
0.82
2.16
1.87
2.2
0.96
0.55
1.2
2.1
2.21
0.66
1.15
1.6
1.84
2
1
4.3
0.44
1.29
5
4.4
1.8
4.9
1.64
2.5
0.55
2.4
0.69
2.03
1.2
2.2
1.12
0.39
4.7
0.2
0.22
3.1
2.4
1.31
0.46
1.08
0.89
2.6
1.3
0.1
3.2
0
-0.2
1.76
0.85
0.6
1.7
1.67
2.4
0.2
3.4
1.2
2.23
0.3
1.93
0.65
0.85
0.7
0.43
0.9
1.79
0.43
3
1.9
-0.2
4.9
0.39
0.95
1.4
1.5
0.51
4.3
0.5
0.8
1.9
2.4
1.72
1.4
0.3
2.22
4.4
1
1.61
0.9
2
0.85
4.3
0.8
1.61
2.3
1.78
1.86
-0.1
2.6
0.16
2.59
2.71
1.6
-0.1
0.44
1.61
1.36
1.28
2.1
0.9
0.88
4.8
1.4
2.43
1.4
5
1.6
5.1
1.5
5.9
0.7
0.6
0.9
1
1.06
2.7
5.1
1.8
1.07
1.41
1.21
1.9
2.03
1.07
0.8
1.1
1.3
3
0.72
1.6
1.2
0.34
2
2
1.5
2.5
2
4.9
4.1
4.4
0.53
1.3
0.46
2.4
1.7
0.34
0.92
2.41
1.4
1.25
-0.1
1.21
2.7
0.46
1.7
1.5
0.92
0.31
2.05
0.87
1.87
1.36
1.1
1.04
0.67
2.01
1.91
1.23
2.33
2.12
1.26
2.62
-0.3
1.6
0.88
1.03
1.56
2.02
1.02
0.8
1.86
2.1
1.12
-0.1
0.34
0.84
1.3
2.1
4.4
0.51
1.4
1.26
1.98
0.55
2.1
2.39
2.6
0.5
1.6
1.57
2.2
0.68
2.7
1.54
0.94
2.2
1.31
1.48
1.8
1.09
2.6
2.9
1
0.2
2.17
0.3
2.29
1.69
1.7
0
0.7
1.9
3.3
0.6
4.7
3.2
0.2
1.61
0.8
1.8
1.42
2
0.99
0.6
2.4
1.43
2.4
1.28
0.6
5.3
0.5
0.74
0.71
1.38
0.93
1.73
0.46
2.8
1.6
2.4
2
1.34
0.66
0.89
0.44
0.07
0.1
2.06
2.9
2.6
2.09
3
1.3
1.71
2.1
1.03
1.2
4.7
1.9
0.67
1
0.38
0.62
1.18
2.8
1.7
2.36
2
1.7
0.5
0.89
1
2.9
1.4
1.02
1.11
5
2.9
0.5
0.76
2.7
0.4
0.27
1.53
2
2.2
1.66
1.4
4.2
0.5
2.9
1.6
1.9
1.5
0.81
2.5
1.4
1.29
3
1.6
0.4
3
0.59
1.6
0.2
2.3
1.9
0.58
0.23
2.5
1.25
0.39
4.2
2.1
1.61
2.9
2.48
1.28
0.79
1.5
1.8
1.1
1.09
1.32
0.9
0.38
1.37
3.3
3.85
1.7
1.37
4.9
0.86
1.55
1.34
-0.2
1
0.47
2.6
5
2.8
1.59
1.7
1.02
4.5
0.8
3.3
1.5
1.83
1.27
1.9
0.4
0.87
0.62
0.62
1.05
0.54
0.67
4.2
5.3
3.6
0.68
2.89
1.06
0.36
0.8
0.23
0.89
0.7
4.7
1.7
0.9
0.9
0.55
0.49
0.5
1.8
2
0.22
0.46
0.3
0.21
1.48
1.6
1
5.6
1.01
0.1
1.96
1.09
2.2
4.8
2.3
2.04
1.8
2
1.27
2.1
1.2
-0.3
0.57
2.5
0.7
0.7
1.34
0.78
0.8
2.3
3
0.34
1.1
2.4
0.7
2
3.1
-0.1
1.04
1.3
0.8
1.9
1.23
2.14
0.51
0.6
0.95
0.58
0.31
1.15
0.43
0.91
3.2
0.87
1.86
1.82
-0.2
4.6
0.3
1.11
2.31
2.6
0.95
2.3
0.5
1.88
0.7
1.5
0.7
2.61
2.5
4.3
2.6
0.8
2.2
0.63
0.76
2
2.2
5.5
1.21
1.38
4.7
0.7
0.4
0.68
2.4
0.67
3.1
1.57
1.19
1.2
0.57
0.6
1.16
1.3
1.8
1.35
1.37
0.31
2
0.96
1.32
1.4
0.36
0.78
0.88
1.74
2.5
4.6
4.1
1.66
0.81
0.82
0.56
0.92
0.68
4.9
2.28
1.5
0.4
2
3.61
0.8
0.64
2.04
1.18
0.8
2
2.8
3
0.2
2.29
1.47
1.8
0.64
1.27
1.14
1.7
1.1
0.74
5
1.8
1.08
0.5
1.08
1.1
0.91
4.4
1.09
1.11
0.54
2.4
0.6
4.1
2.4
2.3
1.7
4.9
4.9
1.42
1.03
0.68
2.4
1.43
0.1
0.63
1.2
4.5
1.34
0.95
1.14
1.2
0.95
1.93
0.4
1.1
0.74
0.71
1.11
4.9
0.45
0.65
0.27
0.8
0.6
0.7
0.8
1.1
2.9
0.98
0.63
1
1.13
1.16
2.7
0.88
1.51
1.61
2.2
0.9
1.19
2.21
1.36
0.9
1.1
2.22
0.64
1.76
2.42
1
0.88
2.8
1.8
2.8
2.1
1.48
5.5
1.55
0.27
2.3
-0.31
1.54
2.5
0.47
0.83
4.1
4.9
0.1
0.9
2.1
0.25
1.4
0.43
1.4
1.76
0.51
1.36
2.98
1.4
2.3
3
2.41
0.8
1.23
2.5
0.77
1.3
1.09
0.58
1.7
5.5
0.32
0.35
5
2.22
5.1
0.79
0.56
2.7
1.29
0.3
3
4.5
1.1
1.38
3
4.9
0.98
0.9
0.52
0.77
0.43
1.39
1.2
0.4
2.3
0.22
1.35
1.16
0.64
5.4
0.89
1.76
0.19
0.43
4.5
0.71
1.92
0.28
0.86
1.92
0.5
1.04
3
0.96
0.3
4.4
3.9
4.9
3.5
0.43
1.89
0.64
1.7
1.01
1.2
1.04
1.3
0.75
3.9
3.6
4.4
1.29
4.6
0.7
1.21
2.16
1.23
1.75
1.1
1.6
1.52
1.19
1.03
0.8
1.88
0.58
4.3
0.67
4.5
1.85
0.5
2.8
0.96
1.71
1.29
1.52
2.2
2.33
1.1
1.05
1.1
4.5
1.96
0.3
0.49
1.3
1.67
4.4
1.9
0.8
1.29
4.9
1.62
0.29
1
2.06
5
1.11
1
0.16
0.93
0.39
0.6
4.9
1.76
5.6
1.59
1.7
4.6
1.22
0.66
0.25
4.3
0.76
1.53
4.2
1.45
2
0.8
4.7
2.6
0.5
2.9
0.9
1.05
0.2
1.3
0.5
2.8
0.57
1.85
2.48
1.2
3.2
1
0.51
1.67
1.61
1.98
5.2
0.9
0.8
4.4
0.41
0.9
1.41
1.38
1.15
1.06
0.33
0.6
0.9
1.43
0.6
1.5
1.03
0.55
1.52
4.2
0
1.01
1.21
4.4
1.42
0.21
0.05
2
0.9
0.9
2.5
0.9
0.85
1.73
4
0.81
1.06
1.6
0.57
0.96
0.77
1.28
0.8
0.56
0.36
1.31
0.9
4.7
4.8
0.89
1.3
1.18
5.7
2
0.84
2.5
1.12
3.2
0.68
0.7
2.8
4.4
1.09
1.5
0.36
1.6
1.7
1.3
0.91
3.6
2.12
2.7
0.84
0.86
1
0.2
0.7
0.7
1.8
1.1
1.78
1.33
3.4
1.84
1.6
2.7
5.1
0.56
0.44
2.3
1.11
2.71
0.42
0.7
0.89
1.82
2.75
1.4
2.3
1.9
0.4
1.02
0.8
0.58
0.71
1.9
0.18
2.03
1.98
1.89
0.86
0.6
3.12
1.81
1.42
1.3
4.3
0.27
2.1
1.9
2.5
0.36
0.9
0.58
0.55
0.2
0.72
1.2
0.24
1.92
1.03
1.51
1.8
1.3
2.9
0.97
1.5
1.8
1.5
1.04
1.7
1.4
0.52
0.5
1.09
0.7
1.2
0.65
1.6
2.09
1.1
1.4
0
1.1
0.7
2.06
-0.1
1.5
0.69
1.38
1.61
2.9
1
1.1
2.6
1.42
0.97
1.6
0.5
0.9
1.9
1
1.32
0.67
1.06
4.5
2
-0.16
4.1
1.6
0.8
0.66
3.3
1.2
0.62
4.9
0.64
4.4
1.21
0.99
0.81
0.7
1.55
0.33
1.64
1.06
1.5
0.6
1.59
0.99
0.56
0.56
1.8
1.37
0.6
0.48
0.29
0.6
0
0.8
0.8
1.05
0.79
3
0.4
0.53
0.93
2.5
4.5
3.1
4.6
1.19
4.6
4.8
0.4
2.2
1.6
2.74
1.26
-0.45
0.6
0.4
0.94
0.2
1
0.5
2.1
2.5
2.3
0.85
4.6
1.25
0.6
4.9
0.9
0.9
0.98
1.1
0.98
2.8
0.7
2.22
1.85
1.48
1.17
1.53
1.6
0.73
0.79
0.67
2.8
0.86
0.8
0.4
1.33
0.45
0.1
0.95
-0.3
0.43
0.2
0.24
0.87
1.95
1.91
0.3
4.6
0.8
1.1
2
1.2
0.15
0.36
1
4.9
0.58
1.14
4.6
1.57
1.2
1.25
0.88
0.98
0.61
2.15
2.5
4.7
2.7
1.43
0.52
1.16
1.16
1.85
0.72
2.2
4.8
2.9
1.6
0.22
1
0.74
0.43
0.78
5
4.5
3.1
0.68
0.73
1.19
4.9
0.42
0.49
0.76
2.19
4.2
-0.31
3.8
1.6
5.1
0.25
0.21
1.03
2
1.39
2.3
0.13
0.38
1.36
0.95
2.46
2.05
2.21
0.55
0.78
0.43
0.93
3
0.82
0.88
0.51
2.9
0.27
1
3.39
0.57
0.9
0
1
1.52
4.8
2.9
1.4
0.69
1.1
0.96
3
0.96
1.4
1.2
1.3
1.36
3.7
1.1
2.84
0.7
-0.1
1.6
1
1.2
5.4
2.6
1.05
0.19
5.1
3.6
2.38
4.6
0.41
4
1.06
0.63
2.1
1.26
3.15
0.9
0.18
1.5
1.07
0.93
0.19
0.97
-0.41
1.1
0.36
0.3
1.84
2.6
1.74
0.44
1.5
0.9
1.8
1.9
0.4
0.25
3.1
0.48
0.3
0.56
0.59
0.14
0.7
1.4
0.4
0.96
0.3
1.1
1.4
4.9
1.2
1.5
1.1
0.6
5
0.4
4.2
1.1
0.8
1.54
2.3
0.43
0.36
0.8
0.34
1.69
0.43
0.5
-0.2
1.3
2.6
2.3
5.5
0.8
0.76
0.88
1.28
1.42
2.1
0.94
0.75
-0.39
0.4
1.49
4.1
2.5
0.53
0.38
3
2.16
4.3
2.2
2.08
2.46
1.86
1.46
0.8
0.53
0.9
1.68
1.7
2.05
2
0.41
1.33
1
3.2
0.3
2.1
0.8
1.11
1.2
0.18
0.18
0.5
1.02
1.32
1.6
1.62
1.93
0.78
0.75
1.1
1.06
1.45
1.5
2
1.5
1.6
4.6
1.1
1.08
0.7
1.88
1.3
1.6
0.43
-0.1
1.5
1.9
0.89
0.53
1.36
1.8
1.1
0.09
-0.25
2.1
2.46
0.51
4.8
0.8
1.6
1.6
1.4
2.2
2.25
2
1.31
2.7
2.9
1.1
1.4
0.4
1.5
0.27
2.2
1.8
2.4
4.8
4.5
1.1
1.8
0.88
1.9
2.02
1.8
1.4
4.5
1.9
1.8
1.4
1.3
1.9
1.71
0.7
1.3
4.4
1.5
5.1
0.84
0.72
1.2
2.17
1.4
1.7
0.66
2.3
2.5
2.64
1.9
1.41
0.08
0.8
3.4
1.5
1.87
4.2
4.7
2.06
1.6
1.1
1.3
0.7
1.2
2.3
0.38
0.9
4.9
1.15
0.61
4.9
2.9
1.1
3.2
0.59
1.1
0.71
3
2.3
1
2.8
1.4
1.6
1.01
5.3
1.3
2
0.09
1.47
1.08
0.8
0.5
1.71
5
2
0.2
0.39
0.7
1.5
1.1
4.4
0.3
1.07
1.1
1.11
0.52
1.9
1.19
0.94
0.36
0.8
1.26
0.2
2.9
3.4
1.1
0.41
1.3
0.7
0.68
0.6
1.33
1.06
1.55
1.27
1.7
0.23
2.6
1.5
0.3
1.19
1.2
1.1
1
3.1
0
4.5
3
0.83
1.3
4.7
1.5
0.7
0.39
1.2
1.14
1.3
1.44
1
0.68
1.53
0.48
0.99
1.44
0.3
1.46
1.1
0.9
-0.39
0.47
-0.39
-0.17
1.06
0.7
-0.3
1.3
1.7
0.14
1
2.34
1.6
3.1
2.9
1
3.3
1.76
1.2
0.82
1.56
0.31
2.8
1
2.6
-0.3
1.4
1.29
1.6
3
0.03
1.2
-0.06
2.8
0.2
1.76
4.6
1.6
0.8
1.7
1.5
3
3.3
4.6
2.7
2.9
3.3
3.8
1.1
1.1
1.5
3.3
1.7
3
2.8
0
2.1
3.3
3.3
0.76
3.3
0.9
3
0.96
2.1
0.7
1.67
3.4
3.1
0.76
3.2
3.1
1.32
3.4
4.9
0.97
1.77
1.87
5.2
2.8
1
1.4
0.59
0.94
1.09
1.5
1.32
0.26
0.7
2.28
0.1
0.49
0.8
4.3
1.7
4.8
1.5
-0.05
0.66
0.8
4.2
0.77
4.4
1.1
0.95
1
1.1
1.5
0.85
0.64
2
5.9
0.6
1.39
2.1
1.18
1.1
1.1
0.64
4.3
2.12
4.3
0.8
0.31
0.74
1.23
2.05
0.52
1.37
2
1.79
1.1
0.85
0.4
0.7
0.3
2.06
1.14
0.82
2.2
1.5
4.5
1
2.08
2.6
4.9
1.1
1.06
4.2
1.16
1.1
1.6
1.18
1.71
2.6
0.5
0.5
1.34
1.54
0.56
0.4
1.73
1.49
1.53

2.39
1
2.2
6.9
1.49
0.48
1.3
0.41
1.5
5.1
4.6
1.4
1.12
4.3
2.07
1.7
0.7
3.3
-0.65
1
0.4
1.1
0.53
1.2
1.1
3
1.64
1.6
0.43
1.1
2.8
1.7
4.9
1.8
1.6
2.19
4.4
1.1
1.68
2.1
0.8
4.3
1.1
0.23
1.8
2.5
5.2
0.88
1.9
0.36
1.3
1.66
0.37
1.86
5
0.36
1.6
1.16
0.63
1.73
0.91
1.58
4.4
-0.1
1.1
4.9
1.97
0.1
2.1
1.5
0.2
2.4
2.02
1.23
0.94
1.5
1.6
0.48
1.3
0.4
4.9
1.2
0.53
0.88
1.1
3.3
0.1
2.9
0.91
0.34
1.28
0.9
0
5
1.1
1.4
1.4
1.5
1.5
0.5
1.48
0.78
1.4
1.3
0.09
1.3
1.6
0.3
0.39
0.41
2.17
0.89
1.2
0.25
0.4
1.43
0.79
1.1
1.7
0.63
0.68
3.3
1.49
2.5
1.6
1.3
0.52
5.3
1.47
0
1.5
0.25
0.5
0.3
1.3
0.87
1.9
0.4
0.9
0.27
0.6
2.09
0.8
0.5
0.7
0.8
0.56
1.9
0.42
0.7
-0.08
0.9
1.3
1.9
0.7
0.5
0.6
1.2
0.45
1.8
0.98
0.2
0.43
1.02
1.7
1.9
2.6
1.6
1.6
4.9
0.5
3.2
-0.1
1.2
0.98
2.2
1.74
0.97
1.04
1.1
0.95
0.55
1.6
1.22
1.9
0.7
0.5
0.5
4.4
1.09
2.1
-0.2
1.74
1.8
1.3
1
0.53
1.7
0.77
0.7
4.2
0.45
4.2
1.06
1.3
2
1.1
5.9
1.6
0.94
2.8
1.47
1.04
1.24
1.78
4.5
1.16
1.3
1
1.55
1.12
1.3
1.3
1.3
1.84
1.71
1.2
0.42
0.96
1.2
4.1
1.93
2
0.3
1.1
4
0.76
3
0.69
1.4
1.8
1.15
2.4
0.9
1.1
0.9
5.5
0.1
1.25
2.2
1.29
1.2
1.7
5
1.2
2.03
1.7
-0.1
1.8
0.79
1.3
1
0.46
1.06
1.35
1.4
2.15
0.86
1.28
1.3
1.6
0.21
2.08
0.7
1.94
2.19
0.6
1.1
4.5
2.49
5.1
-0.2
1.7
0.84
0.9
0.63
1.09
1.36
1
1.8
1
1
0.1
2.9
0.9
1.2
1.2
1.4
1.6
4.9
4.6
5.4
1.9
1.65
2.9
1.87
0.68
0.2
0.57
0.1
0.94
1.53
0.7
-0.62
0.63
2.1
4.7
0.9
0.6
1.2
1.02
1.6
0.8
0.6
0.58
0.5
1.7
0.22
0.29
1.4
1.03
0.44
0.9
2
0.54
0.8
0.6
-0.1
1.2
1.8
1.2
1.43
0.5
1.89
1.6
1.1
0.3
0.7
4.8
0.9
2.7
1.04
0.4
1.4
1.85
2.2
4.1
2.1
0.41
2.8
1.14
0.4
4.5
1
1.4
3.2
1.6
1.7
1.95
1.62
2.6
4.8
0.78
1.49
4.4
1.4
1.2
1.76
1.24
0.9
0.5
2
1.3
2.2
1.3
1.26
2.3
1.4
4.3
0.19
1.1
1.3
0.8
1.6
1.03
0.22
1.1
1.4
1.29
1.26
0.8
0.7
1.17
0.89
1.69
0.48
0.82
0.81
4.8
1.4
1.5
0.72
1.18
0.88
1
4.1
1.42
1.57
0
1.7
1.1
0.9
1.61
2
0.22
0.26
0.25
1.97
4.09
1.2
3.28
1
1.4
1.61
2.38
1.8
2.8
0.51
1.6
2.8
0.2
0.48
1.3
1.4
1.6
1.1
1.3
0.51
0.85
0.21
0.3
1.5
1
2.04
0.83
1.13
1.5
0.65
1.1
0.59
0.93
0.97
0.32
4.6
0.6
1.4
0.3
2.1
0.8
1.8
1.6
2.5
0.7
1.6
5.2
1.62
-0.39
0.7
1.3
1.7
0.6
1.3
2.4
1.6
0.5
0.52
1.4
1.07
2.1
1.5
4.9
1.19
4.2
2.83
2.1
1.2
1.2
5
0.72
0.9
0.76
1.1
1.48
3.3
1.1
1.7
0.7
1.6
1.4
0.9
1.7
4.2
1.59
1.36
1.4
1.53
1.02
1
-0.07
2
1.7
1.71
2
0.59
1.3
1.43
0.61
0.98
0.87
1.37
1.4
1.8
1
1.91
1.21
1.45
1.3
0.06
1.13
1.1
1.5
0.82
1.5
1.6
1.6
1.8
1.9
4.2
1.6
1.3
1.96
2.94
0.2
0.3
1.13
1.2
1.6
1.61
1.24
0.35
2.8
0.9
1.9
2.7
1.21
3.3
0.8
0.7
1.1
0.39
2.2
3.3
0.77
1.1
0.6
2
1.5
3.2
2.2
0.76
0.36
0.9
1.8
0.41
0.35
0.47
0.43
1.9
2.6
0.59
1.5
0.87
1.6
1.8
2.4
0.95
1.2
0.25
1.7
1.2
1.1
0.19
1.7
4.4
1.3
0.5
0.35
2.2
0.5
1.2
1
2.5
1.83
2
2.2
1.5
1.8
2
3.1
1.67
1.1
4.3
1.65
1.3
0.68
1.24
2.7
0.33
0.65
0.95
0.25
1.4
4.8
2.1
2
1.2
0.8
2.8
0.7
1
4.7
3
5.3
1.3
1.7
0.53
1.9
0.55
0.7
1.3
0.17
2.6
1
2.8
1.2
1.6
1.07
0.04
1.8
0.9
0.58
0.5
0.3
0.7
0.42
2.2
1.27
0.8
1.09
1.59
0.9
0.97
1.9
1.3
2
0.4
0.5
5.1
1.04
2.8
0.3
0.4
2.7
0.22
1
0.63
3
1.9
1.63
1.02
0.7
3.1
2.5
1.1
2.2
2.9
1.4
1.4
1.6
1.6
2.16
0.69
0.76
1.2
0.85
0.55
0.6
1.4
1
0.78
1.4
1.3
1.8
0.6
1.71
1.63
0.29
0.52
1.4
-0.15
1.8
0.74
0.3
1.9
1.9
1.2
1.28
1.57
0.96
0.1
0.77
2.4
2.3
0.93
1.2
1
0.9
0.22
3.3
1.2
1.58
1.4
1.8
2.5
3.4
2
1.5
1.6
0.6
1.6
3.1
1.4
0.69
0.96
2.5
0.08
0.87
0.55
1.3
1.77
2.9
0.5
1.34
1.3
0.6
1.9
1.3
-0.04
0.7
0.7
2
0.6
1.6
0.2
1.8
0.6
0.43
2.3
1
0.7
0.39
0.9
1.6
0.4
1.9
2.3
1
1.26
2.6
0.6
-0.1
1.47
2.6
0.16
1.9
2.29
0.64
1.8
0.6
1.7
1.4
0.22
2.95
0.6
0.3
2.5
0.44
1.19
1.35
2.4
0.73
1.6
1.4
6.5
1.3
0.9
1.4
1.65
4.5
1.3
2.85
1.9
1.16
0.2
4.9
2.2
1.6
0.3
3.3
1.85
1.08
1.8
1.14
1.6
1.83
1.1
4.9
0.43
1.3
0.27
0.88
2.13
1.8
1.65
1.3
1.4
1.9
0.78
3.6
0.7
5.1
1.4
1.9
0.41
1.1
2.3
4.7
1.4
4.7
1.3
4.9
1.24
1.7
0.28
1.6
0.4
0.7
1.27
1.32
0.89
0.85
1.2
2.7
4.1
2.1
0.1
2.46
1.7
1.4
2.2
1.3
3
1.34
2.4
3.1
0.95
0.9
4.4
0.7
2
1.3
1.05
1.1
0.87
1.3
2.4
1.2
0.55
1.1
4.5
2.6
2.6
3.8
1.81
0.78
1.2
1.9
1.58
1.52
2.6
0.1
1.9
0.78
1.6
1.4
0.68
1.7
2.1
1.28
0.62
1.1
4.1
1
1
1.5
0.25
1.5
2.6
1.5
0.7
4.8
2
1.1
2.5
0.89
0.64
0.2
2
1.7
1.8
0.8
0.8
1.58
0.4
1.57
1.58
0.93
0.54
1.2
2.4
0.78
1.08
1.77
1.29
4.16
1.89
0.9
0.69
0.6
0.04
1.96
0.63
2.1
1.1
1.1
4
1.15
5.5
0.7
1
2.6
1.03
0.56
0.32
2.3
1.33
4.2
0.77
1.4
0.9
1.2
2.16
0.16
1.9
1.78
1.44
1.02
1.06
0.67
1.48
1.5
1.5
1.18
0.71
0.7
2.56
1.1
4.1
0.8
1.75
0.67
1.11
1.29
2.9
1.3
1.29
0.91
1.6
2.2
0.6
1.48
1.2
1.3
0.1
4.7
1.27
3.1
3.2
4.9
0.6
1.2
1.6
0.3
0.44
1.6
0.5
0.6
1.76
1.4
4.2
1.38
2.4
1.7
3.6
1.01
1.3
0.4
2
1.38
1.8
0.1
0.9
2
1.4
0.26
0.26
1
0.36
0.76
3.8
0.3
1.5
0.5
0.9
1.12
5
1.47
0.9
1.8
0.6
0.9
2.27
1.29
2.3
2.6
1.3
1.3
1.8
4.3
1.6
0.98
2.6
1.33
0.8
1
1.1
2.7
1.3
1.4
-0.1
1.1
1.3
0.43
1.23
0.5
1.6
-0.2
0.8
1.1
2.2
1.4
1.1
1.2
0.6
0.86
0.32
1.6
2.1
1.85
2
1.3
0.61
1.59
2.3
1.39
0.97
2.06
1.18
0.81
1
0.69
1.08
0.33
1.63
1.6
2.28
0.4
0.9
1.7
-0.1
1.1
0.28
-0.58
2.36
2.31
1.2
1.7
0.9
1
0.43
4.9
0.53
0.4
5.4
2.4
0.38
0.8
3.37
3
1.83
1.35
1.3
0.59
1.41
0.9
0.15
1.2
1.3
0.7
5
2.4
1.27
1.97
1.1
1.18
1.6
0.94
0.4
1.55
4.5
0.77
0.27
1.56
0.93
2.2
1.1
1.7
0.64
0.9
0.4
1.12
0.9
0.8
1.28
1.59
1.66
1.4
2.7
0.73
0.9
1.17
0.5
4.9
0.8
1.4
3.5
1.2
1.6
4.1
1
2.7
1.4
4
0.8
1.2
1.5
1.5
0.4
0.19
3.4
1.1
0.7
1.21
0.9
1.78
1.4
0.62
1.4
4.5
1.33
1
0.3
0.32
1.5
1.4
2.4
1.9
0.8
4.6
1.8
1.6
0.2
1.1
1.3
0.7
4.5
4.4
1.6
1.38
1.5
1.6
4.4
1.1
0.59
1.3
0.7
1.6
4
0.9
0.68
1.5
1.12
1.8
1.58
2.6
0.4
0.9
1.8
1.6
1.1
1.6
1.6
4.1
2.65
2.49
2.26
0.4
0.7
1.5
1.9
1.1
1.4
1.3
1.3
0.7
0.81
1.4
1.62
0.8
0.9
1.2
0.29
1.1
1.6
1.2
1.3
0.95
2.4
1.4
0.49
0.4
2.65
1.6
0.5
1.67
4.9
4.7
0.6
0.55
1.2
0.5
1.2
0.6
0.72
1.5
1.42
1.49
1.86
1.1
1.5
1.7
1.9
2.9
1.32
0.87
1
1.3
0.4
0.3
1.1
3.3
0.73
4.5
1.29
0.4
1.2
1.1
0.57
1.4
1
4.5
1.3
0.56
1.99
1.5
4.7
1.3
4.4
1.51
5.1
0.7
1.4
-0.1
0.1
0.46
1.1
1
0.6
1.2
0.3
2.2
0.3
0.1
0.95
1.2
-0.02
0
1.4
1.5
1.6
0.6
0.8
1.31

1.8
2.09
1.1
0.82
1.71
0.1
2.36
0.5
2.25
0.8
0.1
3
1.3
0.5
0.8
0.93
1.01
0.8
0.66
0.8
1.64
0.95
1.8
0.4
0.3
1.56
0.6
0.3
1.3
1
0.8
0.7
0.6
4.1
1
0.44
0.87
1
0.6
0.93
1.1
1.8
4.9
0.9
1.74
0.5
0.5
5.1
1.5
1.8
0.59
0.43
0.2
0.46
1.7
0.98
4.6
1
2.19
2.18
1.4
1.2
5.4
0.8
1.2
0.9
1.26
1.52
2
1.9
0.4
0.4
1.57
1.49
0.23
0.5
1.12
1.19
0.91
0.5
1
1.3
1.2
0.48
1.5
1.3
2.5
4.1
2.5
4.5
1.6
1
0.49
0.1
0.7
1.1
3.5
1.45
0.8
3.5
0.36
0.8
0.32
1.9
2.7
2.2
0.96
2.7
3.31
2.6
1.6
2.5
1.09
0.87
1.96
0.66
1.6
0.5
2.9
1.75
3.1
3.2
1.2
2.1
0.53
2
1
1.3
1.3
2.4
0
1.5
4.4
1.5
0.3
0.86
1.2
1.4
4.5
0.88
0.5
0.65
0.7
0.9
1.3
2.82
1.7
2.2
1.5
0
0.8
2.2
1
1.3
1.6
3.6
1.22
1.21
0.6
0.41
3.1
1.7
1.93
0.8
1.6
1.5
0.74
0.62
2.7
2.07
1.2
1.4
1.41
0.54
0.7
1.75
1.75
1
1
0.6
0.2
1.3
1.5
1.1
1.6
2.2
0.26
1.5
0.5
1.3
0.9
2
0.2
2.8
1.4
0.48
4.2
2.02
1.6
1
3.1
4.5
4.3
1.95
0.46
1.8
1.4
1.4
1.4
1
0.36
2.7
0.2
0.2
4.9
0.8
2.37
2.11
0.9
2.1
0.47
0.99
0.5
1.87
2.33
0.9
1.42
0.62
1.4
0.7
0.63
1.15
2.28
1.37
1.5
2.23
2.83
1.8
2
0.9
1.1
1.47
0.7
0.3
1
1.4
0.09
1.1
0.79
1.3
0.7
2.48
0.7
1.47
0.9
1.6
1.2
0.1
1.2
0.33
4.2
1.6
0.9
0.93
1.4
0
1.1
1
0.64
0.64
1.5
4
1.1
0.6
1
1.2
3.1
2.07
1.76
0.3
0.7
1
0.6
0.6
1.2
1.2
1.9
1.5
0.8
0.6
2
4
2.15
0.4
4.4
3
0.5
0.7
0.3
0.99
1.3
0.1
2.5
1.2
1.8
0.9
1.6
1.1
0.09
0.3
1.4
4.5
1.9
1.5
1.8
6.3
0.8
2.9
0.71
0.8
0.33
4.5
2.7
4
1
1.9
1.33
0.4
2.1
1.1
0.4
1.8
1.6
1.2
0.57
1.3
1.2
1.8
1.1
1.1
2.78
1.4
0.5
1.4
1.7
1.6
1.3
1.2
0.7
1.3
0.7
1.2
0.46
1.43
1.6
2.2
1.3
0.9
0.8
1.78
2.3
0.4
0.5
4.6
4.5
2.7
3.1
2.4
0.53
2.1
1.19
2.68
1.2
1.4
1.8
3
0.9
1.2
1.3
0.27
2.31
1.82
0.16
0.4
0.5
0
2
2.8
1.6
2.1
2.4
4.3
1.4
1.2
1.3
0.5
0.1
1.2
0.74
4.2
1.9
1
1.3
1.6
0.65
1.1
1.7
2.4
1.1
4.8
-0.02
2.3
0.38
0.9
1.4
1.5
1
0.1
0.36
0.4
2.4
1.38
3
1.5
1.5
0.3
0.8
1.1
1.4
0.5
1.5
2.11
0.7
0.5
1.66
1.2
2.1
1.1
4.7
1.5
1
1.2
1.6
0.99
0.8
2.05
0.8
4.2
1.94
2.4
0.9
1.6
2.46
0.5
2.2
1.27
0.9
1.4
1.93
0.9
2.5
0.27
1.53
0.3
0.66
-0.94
2
4.8
0.82
0.9
0.8
0.5
1.17
1.82
1.28
0.69
1.33
1.41
0.71
1
4.1
1
4.7
1.3
2.11
0.7
0.88
2.4
0.9
2.6
2.11
0.77
0.4
1.1
4.5
0.5
0.8
1.08
0.5
4.7
4.4
1.7
1.1
4.4
4.5
0.6
1.7
1.66
3.6
1.26
0
1.1
1.4
2.46
0.4
0.52
1
4.66
1.55
1.5
1.91
1.1
0.81
1.3
2.57
2.1
4.7
1.6
1.1
3.9
4
0.9
1
1.8
1.6
0.21
1.7
0.8
1.1
0.4
2.4
0.97
1.41
1.1
1
3.7
0.4
0.83
2.7
1.16
0.56
0.8
1.42
1.3
3.5
3.4
0.44
1.1
5.3
0.6
0.1
-0.3
0.29
0.29
0.64
0.6
1.32
1.39
2.3
1.57
1.1
1.25
0.85
3.5
0.98
3.6
0.5
2.2
4.7
0.44
4.5
1.96
0.6
1.7
1.77
0.97
1
1.24
1.5
1.8
0.54
1.6
4.3
1
0.83
1.3
1.2
0.5
3
1.18
2.2
0.63
1.5
0.71
0.8
0.69
1.65
2.3
1.32
0.9
1.28
1.04
1
0.8
1.66
0.34
2.5
0.9
1.13
1.2
0.8
1
2.6
1.6
1.1
1.17
0.91
2.6
4.6
1.1
0.5
1.56
-0.1
1.1
0.72
-0.29
0.6
1.2
0.8
0.33
1.7
1.6
0.9
1.1
1.38
1.6
0.92
2.1
1.1
0.3
0.89
4.2
1.85
3.4
2.24
1.82
0.78
0.6
-0.1
1.6
0.6
0.29
1.04
1.03
1.52
0.9
0.8
0.7
0.65
4.7
2
3
0.81
1.3
4
0.73
1.1
0.89
0.88
1.3
4.4
0.9
0.3
1.2
1.45
1.13
0.54
1.3
2
1.23
1.11
1.93
4.3
2.99
-0.2
0.91
2.2
4.5
4.1
2.1
1.01
2.2
1.81
0.3
0.4
4.4
1
0.7
4.6
4.5
5
0.2
0.86
1.2
2.11
1.6
-0.3
1.4
1.9
0.9
1.02
1.41
1.15
0.1
1.1
1.65
1.75
-0.1
4.9
1.8
0.9
4.5
0.99
1.18
2.6
0.8
0.4
1.08
1.4
1.4
4.6
1.4
1.5
1.3
2.5
1.04
3.5
1.7
2.38
2.8
3.2
1.5
0.83
0.89
0.47
1.3
0.74
3.2
1.6
0.56
0.81
1.9
0.5
2.5
1.2
2.8
1.6
1.4
4.3
0.3
0.42
1.1
3.8
1.3
1.1
1.9
0.1
0.62
0.69
0.2
-0.2
4.5
1
1.13
0.44
1.52
0.73
0.75
1.78
1.1
1.15
0.2
2.7
-0.1
1
0.7
0.82
2.1
4.9
1.6
1.33
0.53
0.66
0.73
0.06
0.73
0.71
1.2
1.4
3
4.6
1.1
1.84
1.7
1.27
1.6
2.07
-0.06
0.39
5.1
0.78
0.42
1
3.8
0.55
0.2
0.64
1.37
2.21
0.2
0.9
1.09
2.2
1.5
0.8
4.8
1.6
0.6
1.8
1.8
1.9
0.18
0.5
1.7
2
0.9
0.7
0.67
0.63
0.1
1.1
1.4
1.48
1.34
0.6
2.5
0.5
2.8
0
0.1
0.75
-0.1
1.7
1.1
0.64
4
1.5
0
0.62
0.7
3.5
-0.2
5.4
1.2
1.38
1.3
0.4
1.9
1.4
4.4
4.4
1.1
1.3
1.3
1.4
1.4
0.16
1.14
1.6
1
0.8
1.5
5
3.4
0.1
1.8
-0.2
1.11
2.5
0.5
1.1
3.6
1.93
0.7
0.31
1.5
1.05
3.4
0.97
3.5
1.8
-0.1
1.31
1
1.4
1.1
1.1
1.71
1.07
0.4
0.6
0.5
0.62
1.72
1.13
2.46
1
1.9
1.2
1.4
1.18
1.4
1.33
1.2
1.68
-0.2
1.62
0.5
0.81
4.5
4.5
1.99
0.5
0.37
1.1
1.1
1.3
0.8
0.95
1
1.08
1
1.4
1.6
4.6
0.87
1.4
0.86
0.5
-0.3
0.5
1.69
1.48
0.7
1.8
1.6
2.2
4.5
4.2
1.33
3.5
2.5
2.85
1.29
-0.2
1.45
0.8
1.7
1.1
1.53
1.39
-0.3
1.82
1.8
1.9
3.4
0.95
0.79
1.09
0.99
1.19
0.6
1.02
0.87
1
1.9
5
1
0.4
5.6
1.24
0.95
4.5
0.7
0.6
1.5
0.4
4.6
2.5
5
1
1.53
2.44
0.9
1.2
1.52
1.4
1.28
1.6
4.8
0.27
1.7
1.4
1.01
1.1
1.7
0.9
4.5
4.3
0.96
2.72
1.8
0.88
2.1
1.8
4.3
0.56
1.29
0.68
1.2
2.1
4.6
2.3
1.8
4
4.5
1
1.2
2.5
0.22
0.27
1.59
0.58
0.99
0.77
1.18
1.93
0.38
0.88
0.81
0.59
0.75
1.65
1.6
2.8
1.13
1.86
1.7
1.5
1.7
1.4
1.08
0.78
1.68
0.85
2.4
0
5
4.4
0.8
1.3
4.3
0.8
4.3
4.4
1.41
1.3
2.1
0.09
1.2
-0.05
0
0.7
0.89
0.93
2.26
0.23
1.6
0.7
1.96
3.3
0.27
1.5
1.5
-0.01
0.04
1.5
1.4
2.9
0.63
0.18
3.3
0.71
1.6
0.86
1
2.7
1.03
0.79
0.7
3.2
1.2
1.2
0.8
0.67
-0.2
0.79
1.3
0.44
2.64
0.52
1.4
0.6
2.6
0.9
-0.1
0.7
1.04
2
0.8
1.07
0.43
1.93
0.19
1.4
4.4
2
2.1
0.7
1.5
0.27
1.53
0.9
0.86
0.8
1.71
2.1
0.9
0.69
1.91
0.09
1.4
1.3
0.7
1.3
0
0.6
1.05
0.56
2.5
0.64
3.2
0.8
3.4
1.8
-0.2
1.8
4.7
0.44
2.8
0.84
0.51
1.48
1.6
1.06
0.63
1.6
0.79
0.63
1.3
1.3
2.7
1.1
2.4
0.99
1.68
0.6
1.1
0.58
1.6
0.31
1.62
0.69
3.39
0.57
0.89
2.3
1.9
3.8
0.1
0.7
0.4
2
1.4
2.1
1.7
0.8
-0.1
1.6
1.4
3.4
0.81
0.1
1.9
1.3
0.6
1.1
1
1.2
4.5
2.2
1.2
0.4
0.55
2.7
0.65
1.02
0.9
0.8
0.4
0.66
5.2
-0.3
2.5
1.1
2
1.3
4.8
0.62
2.7
0.8
1.7
0.84
2.11
1
1.3
1.4
1.33
1.84
0.3
0.12
1.9
4.9
0.7
1.4
0.8
1.64
0.35
-0.2
0.14
2.1
1.66
0.52
0.37
1.13
0.8
4.3
0.62
1.14
1.4
1.59
0.1
0.66
1.8
0.56
3.1
3.7
2.4
3.3
0.02
0.49
0.9
1.5
1.8
1.4
1.23
0.84
0.87
1.41
1.6
1.06
2.3
2.9
0.75
1.8
0.55
5.1
1.1
0.43
1.15
1.9
2
1.2
0.8
0.81
0.4
2.7
1.32
0.7
1
1.6
1.2
4.4
1.26
0.89
4.9
0.74
0.6
0.77
1.4
1.04
1.06
0.36
0.98
1.61
4.5
1.51
0.81
1.15
1.33
0.72
0.65
1.48
1.7
0.4
1.04
0.54
2.5
0.7
0.72
1.09
1.94
1.9
1.3
1.1
1.19
4.6
4.6
3
1.5
3.7
1.4
0.73
1.7
1.2
0.63
1.29
1.82
0.9
1.47
0.77
1.3
1.26
1.32
1.19
0.63
1.08
0.51
2.2
1.6
1.9
4.6
0.44
0.37
0.68
0.92
0.97
1.35
1.67
2.1
0.74
5
1.5
0.1
1.3
1.01
0.8
1.1
3.3
0.7
0.2
1.8
0.47
1.3
0.3
3.7
1.4
0.88
2.6
0.28
1.3
1.4
2.3
0.2
1.7
2.1
1.24
1.81
1.63
1.3
0.94
0.28
1.67
1.19
2.2
1.3
0.98
0.97
2.4
1.4
1
1.7
0.9
1.4
1.2
0.72
0.52
1.9
2
1.7
1.6
1.1
1.9
2.5
0.71
0.7
1.9
1.3
0.62
0.78
1.5
1.81
0.99
1.8
0.76
0.77
2.5
1.6
0.8
1.65
1.11
1.2
1.32
1
1.3
0.95
1.3
0
0.55
2
5.2
3.3
0.2
1.15
0.4
2.27
1.5
1.49
1.15
1.67
1.08
1.9
-0.2
2.1
1.9
0
1.8
1
1.31
0.6
1.1
1.4
1.2
0.63
0.8
0.5
1
1.46
4.2
0.9
2.1
2
0.2
0
0.2
2
0.6
1.8
2.3
0.64
1.1
2
1.85
1.1
0.64
0.63
1.1
0.87
1.45
1.6
1.4
2.02
0.85
1.8
0.83
1.26
0.92
0.92
0.99
1.3
0.63
1.1
0.89
1
1.7
0.8
0.49
1.2
0.5
0.52
0.8
1.1
0.7
0.9
3
0.93
2
1.8
1.4
1.7
1.9
0.86
0.4
1.5
0.77
0.8
0.89
1.05
1.91
1.14
0.96
0.7
1.73
0.63
0.9
0.87
0.1
0.2
0.14
0.11
2.2
1.3
0.33
2.1
0.84
1.31
0.42
1.09
0.95
0.01
4.8
0
0.4
3.2
1.4
1.5
1.28
3.3
0.56
0.4
1.6
0.32
0.11
0
-0.06
1.3
1.7
2.1
0.62
4.4
2.7
1.4
0.14
1.29
1.9
0.6
1.25
0.4
1.3
4.1
1.1
1.4
1.49
0.93
0.32
0.48
1.47
1.08
1
1.5
1.9
1.3
0.8
0.86
4.5
0.2
0.4
1.1
0.83
1.1
0.68
0.8
2.12
0.5
1.2
1.9
2.4
0.6
0.8
0.9
1.1
1.96
1.1
4.1
3.3
2.3
1.3
1.5
1.2
1.25
1.8
0.9
1.52
1
0.77
4.7
4.9
1.6
0.76
2.3
4.4
1.5
0.6
0.99
1.12
0.82
5
0.6
1.8
1.7
2.8
1.5
0.8
1.44
4.6
3
4.7
0.68
1.2
1.52
1.8
1.36
0.5
1.4
1.34
1.4
1
0.88
1.4
0.46
1.7
1.5
0.98
1.84
1.3
0.94
0.72
2.11
1.6
1.31
0.93
1.36
1.55
2.51
0.8
4.7
0.89
1.65
2.8
2.2
2.2
0.36
1.5
0.29
2.8
0.78
0.52
1.16
0.82
3.7
0.9
0.6
1
0.57
1.19
4.7
1.64
0.9
0.6
2.2
1.4
0.83
4.6
0.7
1.3
1.09
1.42
1.5
0.7
0.26
0.41
1.7
0.5
1.6
1.2
0.7
1
1.38
1.2
0.6
0.8
0.9
1.16
1.5
0.86
0.5
5.1
4.5
0.8
1
1
1
1.6
2.9
1.02
0.57
1.2
2.1
1.41
1.2
1
4.6
0.6
1.4
1.8
0.1
0.7
0.35
0.6
1.1
0.89
0.96
0.17
0.8
0.7
1.78
0.8
0.8
1
1.61
1.8
0.7
1.5
1
0.6
0.7
1.21
1.3
1.56
0.9
0
0.7
0
1.8
0.6
0.4
1.14
0.28
4.7
1.3
1.1
2.58
0.7
0.1
1
0.23
1.1
1.4
4.8
5.3
1.5
1.42
0.91
2.8
0.88
1.9
0.19
1.02
2.6
1.81
1.1
0.9
2.28
2.18
1.8
1.2
1.4
1.09
0.66
1.2
1.3
2.3
4.5
1.32
1.26
1.1
1.6
4.7
1.1
1.57
0.83
0.6
0.8
1.3
0.66
2.18
1.5
-0.13
2.01
0.93
1.4
2.13
2.07
0.3
2.1
-0.05
1.3
4.4
2.5
1
0.62
1.7
1.72
0.34
0.18
2.07
0.9
1.3
5.2
1.69
0.7
1.9
1.1
0.57
1.52
1
0.6
1.3
1
1.1
0.55
1.9
1.3
-0.2
1.6
1.96
0.35
4.2
1.3
0.17
0.43
0.6
1
1.95
0.4
2.79
1.1
1.9
0.7
1.42
1.24
0.31
0.7
2.38
1.06
1.55
0.31
1.07
1.26
4.4
1.1
0.8
1.4
1.21
0.8
0.4
1.3
4.6
1.2
1.3
1.75
0.3
1.3
0.98
1.94
1.8
0.73
1.8
1.2
1.13
1.5
2.5
1.74
0.75
0.9
0.9
1.46
1.4
1.16
0.6
1.1
1.02
0.5
2.3
0.8
0.1
-0.02
1.3
1.5
2.2
0.57
0.8
0.7
1.4
0.9
0.8
1.3
4.6
1.4
0.67
2.2
1.4
1.46
1.3
0.4
1.8
0
0.9
0.7
1.4
1.2
0.88
1.1
4.3
4.5
1
0.53
0.7
0.9
3
2.1
1.03
2.3
2.2
1
1.43
0.6
1.5
0
1.19
3.1
2.4
1.2
1.6
4.9
2.16
1.4
1.5
1.9
1.25
3.2
0.8
1.37
1.03
1.1
0.88
1.3
1
0.8
1.5
3.1
1.3
1.8
1
1.1
0.64
1.2
0.89
1
0.69
1.3
1.3
2.4
0.6
1.2
5.2
2
5
1.6
2.2
4.6
0.9
0.6
1
1.5
0.11
0.66
0.9
1.4
1.2
1.7
4.9
1.07
2
1.1
1.9
1.7
0.8
0.9
4.1
1.7
1.1
1.6
1.1
1
4.6
1.9
3.1
0.7
1.2
0.9
0.7
0.6
1.4
1.79
2.2
1
1.46
4.8
5.1
5.2
4.9
1.8
0.25
0.4
0.9
0.6
1.48
0.61
1.42
0.25
0.1
0.84
0.29
3.4
2.2
1.1
0.5
1.89
1.3
0.83
1.9
1.09
0.7
2
0.1
0.18
1.09
0.31
1.2
0.84
1.6
4.9
4.1
1.1
0.6
1.9
1.2
1.9
0.71
1.74
0.9
1
1.57
1.18
2.1
1.4
2.7
1.2
-0.91
1.1
1.9
0.4
1.4
0.8
4.6
1.7
4.4
0.55
5.1
4.7
4.3
0.56
-0.1
0.19
0.6
4.5
1.3
1.5
4.6
0.8
1.9
0.3
0.43
0.12
1.2
2.1
4
1.36
1.03
1
1.2
1.4
4.2
1.6
1.3
0
0.4
1.4
4.6
4.6
1.9
0.67
2.2
1.79
1.15
1.4
0.7
1.4
2.4
0.88
1.5
5.1
1.1
2
2
1.1
1.17
1.32
1.75
2.7
2.7
0.72
0.4
0.55
2.01
1.4
1.53
1.9
2.3
0.9
1.3
1.6
0.3
1.6
1.33
1.25
0.5
1.8
0.7
2.34
4.9
1.66
1.1
0.4
1.4
1.5
5
2.2
1.57
1.5
0.3
0.6
1.8
1.1
4.4
0.56
3.4
1.5
0.7
1.2
2.2
1.2
1.9
0.38
1.6
2.1
2.4
1.4
4
0.8
0.2
1.67
0.87
2.1
0.8
1.74
0.9
1.6
0.86
2
0.7
2.9
2
1.7
4.6
1.24
0.63
2.2
1.3
1.07
1.03
0.37
1.2
4.2
1.7
0.9
0.85
1.3
0.26
1.3
1
1.71
1.87
0.69
0.2
1.2
0.9
-0.1
0.76
0.19
1.4
0.77
0.3
1.13
2.48
0.94
1.9
0.7
1.73
0.94
0.8
1.04
1.17
2.53
2.3
0.43
0.94
1.2
1.6
1.18
0.25
0.76
1.3
1.4
0.9
2.3
1
1
0.59
0.5
0.6
0.7
0.79
1.1
2.28
3.3
1
1.09
2.1
0.88
1.35
2.06
0.43
0.74
0.4
1.05
0.6
1.7
0.43
0.7
2.29
5
0.53
3.1
0.67
1.27
1.3
0.1
1.15
1.74
1.13
-0.1
0.74
1.3
1.8
0.6
0.9
0.5
1.3
0.88
0.51
4.5
0.72
0.76
0.94
1.5
0.8
4.8
1.14
1.7
1.5
3.24
1.41
0.64
1.91
0.74
0.22
0.34
2.3
0.89
2.3
0.7
1.1
0.7
4.2
1.11
2.2
1.47
1.5
0.6
5
4.5
2.02
1.35
4.9
1.4
1.54
0.6
0.8
-0.1
2
0.4
1.02
0.3
2.2
1.5
1.8
1.06
2.7
1.21
1.4
0.3
1.45
1.4
4.7
-0.1
0.2
1.12
0.71
5.4
0.49
1.4
2.9
2.2
0.6
1
0.62
1.23
0.97
0.8
1.1
4.3
1.9
0.62
0.52
2.1
2.4
0.7
0.03
1.4
1.1
0.8
1.08
0.61
1.01
0.61
0.9
1.3
1.4
1.9
1.2
1.1
0.78
1.7
0.3
1.2
4.1
2
1.3
0.53
2.5
0.5
0.2
2.08
1.2
0.4
1.1
0.83
1
1.08
0.8
1.1
4.7
1.5
1.23
1.21
4.5
1.2
0.6
2.03
2.59
2.69
1.07
0.21
4
1.55
0.63
1.4
1.9
4.1
2
0.39
1.4
0.8
0.82
0.78
2.02
5.2
2.1
0.41
1.51
1.3
1.56
0.8
1.59
1.8
1.4
0.68
1.5
0.91
1.8
1.32
2.2
0.8
0.92
0.8
1.61
1.3
1.7
5.1
1.1
1.21
1.11
4.1
1.4
0.37
1.17
2.28
1.2
5
1.03
0.77
1.1
1.9
4.5
2.7
0.9
1.3
1.2
1.9
1.85
5.3
0.9
4.5
1.7
0.05
-0.1
4.5
4.3
1.3
5.2
1.3
-0.2
1.09
2.3
1.9
2.2
0.4
1.3
1.3
0.16
5.2
1.58
1.19
2
0.8
2.2
1.5
1.7
1.45
1.1
0.19
3.6
6.5
2.6
1.5
0.88
2.1
0.8
2.5
4.6
1.1
1.7
0.5
0.22
2.17
1.8
4.3
0.21
1.7
1.7
1.05
4.5
1.54
1.5
0.84
1.2
0.7
0.9
1.9
0.2
1.6
0.9
1.3
1.6
3.44
0.8
1
0.49
1
0.28
0.8
1.04
1.6
0.7
4.5
0.86
1.3
2.27
0.9
4.5
1.4
2.4
4.3
4.5
1
0.6
0.1
4.8
1.4
2.2
1.2
1.04
1.1
3.4
2.3
2.7
1.2
2.5
5.3
0.7
1.1
1.4
2.01
1.9
0.5
1.3
0.8
1.16
0.5
0.85
1
3.1
1.1
0.7
1.4
0.67
1
2.1
2.2
0.88
1.2
0.97
1
1.1
2.71
1.2
4.6
2.8
2.6
0.5
1.2
1.72
0.4
1.3
1.4
3.4
0.7
4.3
2.02
3.4
0.49
1.15
1.2
5.3
0.8
3.2
1.59
2
0.71
1.6
1.12
0.99
1.8
2.9
1.3
0.8
0
2.8
1.5
2.1
1.4
2.8
0.98
1.3
1.16
1.75
1.68
2.6
2.1
1.9
1.3
2.4
1.22
0.43
2.3
1.4
0.29
0.73
1.8
2.31
1.5
4.5
0.86
0.83
1.7
4.4
1.1
0.9
1.87
2.5
2.1
1.08
1.7
0.93
1.2
4.4
1.4
0.97
0.61
2.42
1.96
1.85
0.3
0.4
1.82
4.9
1.9
1.13
1.14
1.68
5.2
0.53
1.19
2.1
1.52
1.93
0.77
0.9
0.1
0.73
1.4
2.3
2.82
1.41
1.23
4.5
-0.33
4.6
4.3
1.4
1.1
1.75
2.48
4.3
4.7
2
1.1
3.4
0.3
1.18
0.4
3.7
1.73
-0.2
0.9
1.24
1.19
0.4
1.3
0.8
4.3
1.01
0.66
1.9
4.4
1.24
1.43
1.2
4.9
1.4
2.2
1.18
1.3
0.39
2
2
2.15
0.5
0.1
0.9
2.6
1.8
2.4
1.5
0.34
1.4
0.64
1.06
0.7
1.61
1.2
0.33
1.91
2
0.5
2.17
1.7
0.8
1.6
1.4
0.78
0.53
1.4
0.2
2.8
1.9
0.7
1.4
1.8
1.1
0.31
0.91
2.46
1.2
1.5
1.4
0.74
0.59
2.2
1.57
2.3
5
0.7
1.8
1.4
0.7
0.7
0.38
0.08
1.6
0.83
1.45
1.56
2.19
1.82
1
1.1
1.55
2.8
0.92
1.1
1.3
1.2
1.4
0.9
0.96
1.6
1.71
0.9
2.42
0.89
1.2
1.19
1.4
0.7
1.76
0.8
4.2
0.3
1
0.48
0.92
1.2
0.7
0.6
1
1.82
0.6
1.03
1
0.9
0.9
4.4
0.7
2.24
0.31
1.12
0.3
1.52
0.52
1.21
0.4
1.9
1.6
0.48
1.38
1.1
0.67
5.1
0.44
1
1.3
1
1.04
1.61
1.2
1.1
0.3
1.4
0.2
0.3
-0.1
0.48
0.7
4.8
0.8
1.39
0.5
1.95
0.9
1.3
0.8
4.4
1.7
0.84
4.2
0.42
1.4
1.07
1.1
0.64
0.94
0.73
1.5
1.4
2.9
0.28
-0.2
1.7
1.16
3
0.47
2.15
0.57
0.9
1.22
1.6
0.89
1
1.1
4.7
0.4
1.1
1.1
4.7
2.2
1.63
0.37
4.3
0.62
1.1
4.4
4.5
1.3
1.2
1.73
0.9
1.04
0.87
2
1.25
3.1
1.06
0.8
1.99
1.9
1
0.24
2.08
1.8
1.9
1.96
0.67
2.6
1.36
1.24
0.19
1.03
0.8
4.3
1.22
1.2
1.37
1.1
1.3
1.6
1.2
0.45
0.6
0.7
0.4
-0.51
1.3
4.5
4.1
4.3
1.09
1.7
1.1
1.2
2.01
1.6
2.46
1.3
1.3
2.96
0.66
1.5
0.8
0.56
0.9
1.4
1.6
1.4
1.5
0.8
0.69
1.4
1.74
0.4
1.12
1.4
4.4
0.9
0.7
4.7
0.2
1.05
2.2
0.7
1.2
1.8
1.7
2
2
1.2
1.5
2
3.2
0.2
4.6
1.2
1.1
0.69
1.57
0.8
5.2
0.7
1.7
0.8
2.43
4.5
1.4
1.46
1.7
1.1
4.2
1.1
1
0.58
1.28
1.7
0.8
1.56
4.3
1.4
0.6
1.8
0.6
0.27
1.39
0.1
1.3
0.1
0.8
1.5
1.69
4.9
0.9
5.2
0.6
1.8
4.9
3
1.8
0.75
0.3
0.9
2.2
1.1
1.1
0.92
1.19
0.8
2.44
0.38
1.8
1.18
-0.1
0
4.4
1.9
1.8
0.6
0.6
2.06
1.4
0.72
1.1
0.7
1.4
0.2
1.09
1.06
1.1
1.68
2.41
0.32
2.9
5
0.8
1.4
1.49
0.1
4.8
1.8
-0.1
0.1
1
0.3
1
0.8
1.11
0.9
1.9
1.3
1.69
0.7
1.3
0.94
1.5
1.3
0.28
1.04
1
1.34
0.5
0.6
0.38
1.3
1.2
3
1.99
0.8
0.89
0.7
0.8
0.9
1.1
1
0.43
1.9
1.9
1.1
1.52
0.78
0.9
1.8
1.6
1.8
1.73
1.1
1
1.17
3.3
1.4
1.6
1.8
1.38
0.7
2.7
1.3
1.57
1.6
1
1
1.1
1.2
1.4
1.2
3.3
1.3
0.16
0.8
3.9
0.25
1.52
2.27
0.53
0.88
1.6
1.6
1.32
1.07
1.4
4.5
1.9
1.8
2.3
3
1.3
1.8
1
2.4
2.6
1.64
2.2
1.9
0.75
1.31
2.5
1.3
1.1
5.1
4.5
1.1
0.43
1.03
0.59
1.42
1.2
4.6
3.3
1.3
1.6
1.5
4.3
0.8
2.1
1.5
1.28
0.53
1.1
6.3
0.19
2.7
0.9
0.88
2
4.3
1
1.1
2.08
1.9
3.8
4.5
0.8
1.2
0.7
1.47
0.76
1.8
0.7
4.9
1.47
0.5
0.7
0.7
2.8
1.4
0.33
1.2
1.3
4.2
2
0.9
0.9
1.8
2.4
1.3
2.6
2.6
1.53
1.4
0.43
1.4
3.21
1.2
4.3
4.1
1.27
1.7
1.4
3.2
0.6
1.29
4.1
1.6
0.5
5.2
3.9
1.2
1
0.9
2.2
1.6
1.24
3.4
0.7
0.95
1.6
1.38
1.76
4.2
1.7
0.5
1.5
1.6
0.3
1.2
4.4
0.59
0
0.7
0.1
1.2
1.2
1.03
0.8
4.9
0.8
5.1
2.1
1.2
1.4
1.4
2.5
4.4
1.3
0.9
1.38
0.88
1.2
1.6
1.4
1
1.4
1.97
1.8
0.8
4.2
1.7
0.7
1.1
1.3
0.58
4.9
1.2
1.2
2
2
0.66
1.2
1.6
1.2
0.69
0.9
2.6
0.7
1
0.8
1.2
0.32
0.14
4.4
1.6
0.6
1.1
1
1.44
0.53
0.9
1.91
1.7
0.2
1.68
4.6
1.16
4.4
1.4
4.5
1.43
0.9
1.36
1.4
1.19
1.3
0.75
0.6
1.37
1.54
2.21
3.24
1.7
1.3
4.5
1.14
1.46
2.8
1.52
1.3
1.9
2.6
1.21
1.51
1.8
1.09
1.2
1.6
0.6
1
1.33
0.27
1.3
1.5
0.6
0.3
0.6
0.4
0.8
0.61
1.71
1.2
1.29
0.41
1.1
-0.1
1
0.67
1.2
0.81
1.2
1.07
2.8
1.8
-0.1
2.46
2.2
1.2
1.15
1.4
1.7
1
4.8
1.6
1.39
1.6
1.74
1.9
0.2
0.9
1.8
0.9
5.3
2.4
0.75
-0.1
0.83
2.4
2.2
2.6
1.3
1.3
0.7
1.32
1
0.6
4.4
0.65
1.94
1.6
-0.1
0.39
4.3
1.3
1.1
1.15
1.5
1.5
0.9
0.1
2
2
1.2
5.1
1.5
2.7
1.3
1.6
1.8
1.1
0.9
1.36
4.6
0.67
0.53
0.45
0.62
1.04
2.1
4.6
4.4
2.48
1.3
1.2
0.68
3.4
1.7
2.19
0.7
1.77
1.1
3.8
0.66
0.8
1.1
1
1.37
0.8
2.1
0.8
2.52
1.7
1.06
2.04
1.1
0.9
1.5
5.3
4
2.51
4.1
1.8
1.45
1.3
0.49
5.1
1.08
2
1.4
0.9
4.4
1.4
0.3
1.2
0.51
1.6
0.6
1.4
0.9
2.35
1
3.1
0.7
0.16
1.52
0.29
0.78
0.13
5
1.2
2.1
0.98
1.65
0.86
0.59
0.7
-0.2
0.5
1.1
0.23
0.9
4.3
1.5
4.8
1.5
1
0.1
2.14
1.8
4.4
2.33
3
3.01
4.1
0.68
4.6
4.6
1
1.4
5.2
0.9
0.8
5.5
1.14
4.6
1.7
4.8
1.59
-0.3
1.6
0.25
1.5
5
0
4.9
1.1
1.37
0.5
0.4
2.1
1.9
0.62
1.79
1.2
1
2.9
3.1
0.68
5.4
0.25
1.1
0.69
-0.2
3.01
3
0.8
1.4
0.8
1.5
0.43
1.6
0.86
1.7
1.1
1.78
1.4
1.2
1.4
0.57
0.4
2.3
1.05
2.1
1.3
1.4
1.86
2.4
4.8
1.4
1.3
1.5
3.4
0.72
1.2
0.7
2.7
1.02
0.4
1
1.21
1.4
0.3
1.2
0.68
2.35
4
-0.2
0.7
1.8
1.59
0.5
0.34
1.6
-0.1
4.5
2.5
0.28
1.6
1.2
1.1
1.4
1.6
1.62
2.06
2.6
2.24
1.9
1.56
3.8
0.2
0.7
4.4
2.4
1.7
0.8
5.3
1.4
1.19
0.76
0.9
1.37
1.33
0.31
0.53
2.37
0.9
0.67
0.27
-0.1
0.96
2.1
3.1
1
1.81
1.43
4.5
1.4
2.9
1.4
1.11
1.2
1.7
1
0.5
0.43
4.5
1.2
2.2
0.81
1.1
0.8
0.86
0.1
3.4
1.8
1.5
0.5
2
2.2
1.1
4
0.9
0.87
1.4
0.6
4.2
0.8
0.6
0.24
1.4
1.3
0.69
2.4
1.8
0.5
2.6
0.1
0.94
1.7
1.66
0.28
1.16
0.8
1.7
2.06
1.11
0.33
1.8
0.8
0.34
0.5
3.13
1.7
2.8
1.12
1.9
-0.1
-0.1
0.8
1.33
-0.2
1.1
0.3
2.16
4.5
1.4
-0.2
2.5
1.6
0.3
1.1
0.64
4.6
1.17
0.1
0.3
-0.2
2.9
2.7
1.05
1.8
1.2
2.2
2.7
1.3
0.63
1.3
0.67
3.4
1.19
1.12
2.1
0.5
1.1
0.7
1.9
1.28
1.99
4.3
5
1.75
1.3
0.4
0.96
0.36
2.04
1.7
1.8
4.2
2.03
1.3
2.15
1.8
2.5
1.4
2.3
2.9
0.45
0.88
4.4
5.2
2.03
3.6
0.98
0.3
4.3
4.1
1.61
1
1.57
0.5
1.1
1.3
0.7
1.6
0.92
0.63
1.01
4.2
0.34
1.12
0.47
0.97
1.1
2.8
0.87
1.4
1.7
0.54
0.31
1.2
4.4
1.34
1.43
0.89
0.4
4.6
0.91
1.09
-0.1
0.5
4.5
0.73
0.9
1
0.88
1.4
4.2
4.1
0.77
1.1
1.6
0.07
4.4
0.23
3
2.4
1.8
1.1
0.7
1.37
2.1
0.89
4.5
0.5
1.46
0.26
4.1
2.2
4.8
1.1
4
0.1
0.72
2.6
4.4
1
2.17
1.28
1.26
0.7
0.5
1
1.1
2.4
0.6
0.6
1.27
3.29
0.96
0.95
0.6
0.3
0.46
2.06
4
1.11
1.3
1.63
5.2
1.1
1.73
1.9
1.1
4
0.2
1.22
3
0.3
1.7
1.1
4.5
2.4
0.56
0.8
0.58
0.83
4.3
0
0.47
1.3
0.7
0.36
0.78
2.3
2.17
0.97
0.78
2.5
0.8
0.1
0.8
1.2
1.81
0.8
0.7
1.77
0.34
0.9
0.78
0.86
1
1.44
0.91
0.2
1.47
1.7
1.2
1.03
4.2
1.03
0.6
0.6
0.64
2.08
0.2
0.9
0.7
1.21
0.8
0.24
3.7
4.2
0.16
4
0.42
2.1
1.5
0.69
2.53
1.4
1.46
1.1
0.63
0.9
1.8
0.8
0.7
1.6
1.4
1.08
0.7
1.3
1
1.4
1.2
2.5
1.7
1.3
0.99
1.55
1.47
4.2
-0.1
2.06
0.6
1.01
4.9
1.1
0.8
3.2
0.8
1.1
0.21
1.43
0.85
2.6
3.2
1.1
1.81
1.2
0.3
2.39
0.7
0.7
0
1.6
1.6
0.5
1.4
2.2
1.1
1.19
0.3
1
4.1
0.6
0.4
4.2
4.7
0.5
0.9
0.08
1.4
0
0.7
4.7
0.5
1.5
0.61
1.14
1.1
0.63
0.82
4.9
0.4
0.4
-0.2
1.21
1.1
-0.6
4.8
1.03
1
1
0.91
2.4
4.2
1.2
1.1
0.73
1.6
0.5
2.1
0.97
0.5
1.7
1.9
0.34
1.36
1.16
0.81
2.2
1.5
1.74
1.01
1.07
1
1
0.9
1.8
0.24
2.5
0.7
1
0.9
0.24
0.59
0.07
1.7
1.71
0.6
1.6
0.2
1.69
1.36
0.6
1.1
1.18
1.2
0.6
4.6
1.2
1.4
0.9
2.1
0.93
2.4
1.5
0.6
1.4
4
1.3
1.2
2
4.6
1.68
0.2
1
4.2
1.39
0.57
0.11
0.65
0.9
1.7
0.02
1
4.2
3.2
4.5
1.6
1.5
0.7
1.06
1
0.5
1.2
1.7
1.9
0.8
4.6
1
0.86
0.9
1.14
0.97
2.8
1.2
1.2
0.75
0.5
0.6
1.7
1.4
0.8
1.5
0.4
4.4